{"adj_matrix_1": [[0.0, 0.01376, 0.07005, 0.12573, 0.00208, 0.00771, 0.04521, 0.06463, 0.1864, 0.0028, 0.02829, 0.20769, 0.02032, 0.05152, 0.09844, 0.1174, 0.17424, 0.00379, 0.00461, 0.01315, 0.08199, 0.11879], [0.01376, 0.0, 0.08352, 0.11261, 0.01169, 0.00605, 0.05884, 0.05103, 0.19798, 0.01097, 0.042, 0.21866, 0.00656, 0.06513, 0.08508, 0.10422, 0.18614, 0.01755, 0.00915, 0.00061, 0.09537, 0.13176], [0.07005, 0.08352, 0.0, 0.18987, 0.07209, 0.07761, 0.02514, 0.13253, 0.12351, 0.0728, 0.04208, 0.14752, 0.0899, 0.01877, 0.16445, 0.18214, 0.11006, 0.06631, 0.07456, 0.08289, 0.01226, 0.05056], [0.12573, 0.11261, 0.18987, 0.0, 0.12377, 0.11839, 0.1676, 0.06271, 0.28414, 0.12309, 0.15219, 0.29905, 0.1063, 0.17339, 0.02836, 0.00869, 0.27526, 0.12933, 0.12135, 0.11319, 0.20036, 0.23158], [0.00208, 0.01169, 0.07209, 0.12377, 0.0, 0.00564, 0.04727, 0.06259, 0.18816, 0.00072, 0.03036, 0.20936, 0.01825, 0.05359, 0.09645, 0.11544, 0.17606, 0.00586, 0.00254, 0.01108, 0.08403, 0.12079], [0.00771, 0.00605, 0.07761, 0.11839, 0.00564, 0.0, 0.05286, 0.05702, 0.19292, 0.00491, 0.03597, 0.21387, 0.01262, 0.05915, 0.09096, 0.11002, 0.18093, 0.0115, 0.0031, 0.00544, 0.08949, 0.12604], [0.04521, 0.05884, 0.02514, 0.1676, 0.04727, 0.05286, 0.0, 0.1087, 0.14659, 0.04798, 0.017, 0.16971, 0.06531, 0.00637, 0.1414, 0.1596, 0.13352, 0.04142, 0.04974, 0.05818, 0.03732, 0.0752], [0.06463, 0.05103, 0.13253, 0.06271, 0.06259, 0.05702, 0.1087, 0.0, 0.23884, 0.06188, 0.09234, 0.25706, 0.04451, 0.11482, 0.03453, 0.0541, 0.22825, 0.06837, 0.06008, 0.05162, 0.14386, 0.17824], [0.1864, 0.19798, 0.12351, 0.28414, 0.18816, 0.19292, 0.14659, 0.23884, 0.0, 0.18876, 0.16182, 0.02646, 0.20342, 0.14078, 0.26436, 0.27814, 0.0144, 0.18309, 0.19021, 0.19734, 0.11196, 0.075], [0.0028, 0.01097, 0.0728, 0.12309, 0.00072, 0.00491, 0.04798, 0.06188, 0.18876, 0.0, 0.03108, 0.20992, 0.01753, 0.05431, 0.09576, 0.11476, 0.17669, 0.00659, 0.00182, 0.01036, 0.08475, 0.12152], [0.02829, 0.042, 0.04208, 0.15219, 0.03036, 0.03597, 0.017, 0.09234, 0.16182, 0.03108, 0.0, 0.18429, 0.04851, 0.02338, 0.12555, 0.14408, 0.14911, 0.0245, 0.03288, 0.04137, 0.05422, 0.09181], [0.20769, 0.21866, 0.14752, 0.29905, 0.20936, 0.21387, 0.16971, 0.25706, 0.02646, 0.20992, 0.18429, 0.0, 0.22379, 0.16414, 0.28078, 0.29352, 0.04078, 0.20453, 0.21128, 0.21802, 0.13635, 0.1004], [0.02032, 0.00656, 0.0899, 0.1063, 0.01825, 0.01262, 0.06531, 0.04451, 0.20342, 0.01753, 0.04851, 0.22379, 0.0, 0.07159, 0.07866, 0.09787, 0.19173, 0.0241, 0.01571, 0.00717, 0.1017, 0.13787], [0.05152, 0.06513, 0.01877, 0.17339, 0.05359, 0.05915, 0.00637, 0.11482, 0.14078, 0.05431, 0.02338, 0.16414, 0.07159, 0.0, 0.14739, 0.1655, 0.12766, 0.04778, 0.0561, 0.06453, 0.03101, 0.06908], [0.09844, 0.08508, 0.16445, 0.02836, 0.09645, 0.09096, 0.1414, 0.03453, 0.26436, 0.09576, 0.12555, 0.28078, 0.07866, 0.14739, 0.0, 0.01968, 0.25471, 0.10213, 0.094, 0.08568, 0.17539, 0.20815], [0.1174, 0.10422, 0.18214, 0.00869, 0.11544, 0.11002, 0.1596, 0.0541, 0.27814, 0.11476, 0.14408, 0.29352, 0.09787, 0.1655, 0.01968, 0.0, 0.26905, 0.12106, 0.11304, 0.10482, 0.19281, 0.22456], [0.17424, 0.18614, 0.11006, 0.27526, 0.17606, 0.18093, 0.13352, 0.22825, 0.0144, 0.17669, 0.14911, 0.04078, 0.19173, 0.12766, 0.25471, 0.26905, 0.0, 0.17092, 0.17822, 0.18556, 0.09838, 0.06097], [0.00379, 0.01755, 0.06631, 0.12933, 0.00586, 0.0115, 0.04142, 0.06837, 0.18309, 0.00659, 0.0245, 0.20453, 0.0241, 0.04778, 0.10213, 0.12106, 0.17092, 0.0, 0.00841, 0.01694, 0.07834, 0.11533], [0.00461, 0.00915, 0.07456, 0.12135, 0.00254, 0.0031, 0.04974, 0.06008, 0.19021, 0.00182, 0.03288, 0.21128, 0.01571, 0.0561, 0.094, 0.11304, 0.17822, 0.00841, 0.0, 0.00854, 0.08653, 0.12328], [0.01315, 0.00061, 0.08289, 0.11319, 0.01108, 0.00544, 0.05818, 0.05162, 0.19734, 0.01036, 0.04137, 0.21802, 0.00717, 0.06453, 0.08568, 0.10482, 0.18556, 0.01694, 0.00854, 0.0, 0.09481, 0.13129], [0.08199, 0.09537, 0.01226, 0.20036, 0.08403, 0.08949, 0.03732, 0.14386, 0.11196, 0.08475, 0.05422, 0.13635, 0.1017, 0.03101, 0.17539, 0.19281, 0.09838, 0.07834, 0.08653, 0.09481, 0.0, 0.03844], [0.11879, 0.13176, 0.05056, 0.23158, 0.12079, 0.12604, 0.0752, 0.17824, 0.075, 0.12152, 0.09181, 0.1004, 0.13787, 0.06908, 0.20815, 0.22456, 0.06097, 0.11533, 0.12328, 0.13129, 0.03844, 0.0]],
"labels_1": ["1", "2", "3","4","5","6","7","8","9","10","11","12","13","14","15","16","17","18","19","20","21","22"],
"adj_matrix_2": [[0.0, 0.23963, 0.162, 0.12588, 0.22066, 0.30613, 0.13497, 0.25155, 0.17192, 0.26584, 0.30555, 0.2536, 0.26629, 0.03151, 0.08073, 0.17771, 0.24175, 0.09226, 0.02635, 0.04118, 0.04068, 0.25836], [0.23963, 0.0, 0.09155, 0.12854, 0.02432, 0.10408, 0.11947, 0.01615, 0.08088, 0.03659, 0.10291, 0.019, 0.03727, 0.21395, 0.1712, 0.07452, 0.00282, 0.1606, 0.26005, 0.27121, 0.27082, 0.02577], [0.162, 0.09155, 0.0, 0.03884, 0.06788, 0.18684, 0.02922, 0.107, 0.01101, 0.12623, 0.18586, 0.10971, 0.12685, 0.13267, 0.08497, 0.01753, 0.09427, 0.0734, 0.18585, 0.19903, 0.19858, 0.1161], [0.12588, 0.12854, 0.03884, 0.0, 0.10561, 0.21828, 0.00965, 0.14338, 0.04977, 0.16171, 0.2174, 0.14597, 0.16229, 0.09554, 0.04667, 0.05623, 0.13116, 0.03492, 0.15073, 0.16452, 0.16405, 0.15208], [0.22066, 0.02432, 0.06788, 0.10561, 0.0, 0.1268, 0.09634, 0.0404, 0.05704, 0.06066, 0.12566, 0.04323, 0.06133, 0.19383, 0.14949, 0.0506, 0.02714, 0.13856, 0.2421, 0.25386, 0.25345, 0.04994], [0.30613, 0.10408, 0.18684, 0.21828, 0.1268, 0.0, 0.21075, 0.08868, 0.17758, 0.06884, 0.00125, 0.08594, 0.06818, 0.28664, 0.2532, 0.17199, 0.1014, 0.24459, 0.32102, 0.32905, 0.32876, 0.07935], [0.13497, 0.11947, 0.02922, 0.00965, 0.09634, 0.21075, 0.0, 0.13448, 0.04018, 0.15303, 0.20978, 0.13708, 0.15366, 0.10482, 0.05622, 0.04665, 0.1221, 0.04449, 0.15952, 0.17315, 0.17268, 0.1432], [0.25155, 0.01615, 0.107, 0.14338, 0.0404, 0.08868, 0.13448, 0.0, 0.09647, 0.02049, 0.08749, 0.00285, 0.02117, 0.22669, 0.18512, 0.09019, 0.01333, 0.17476, 0.27124, 0.28197, 0.2816, 0.00963], [0.17192, 0.08088, 0.01101, 0.04977, 0.05704, 0.17758, 0.04018, 0.09647, 0.0, 0.11591, 0.17656, 0.0992, 0.11655, 0.14292, 0.09565, 0.00652, 0.08362, 0.08416, 0.19543, 0.2084, 0.20796, 0.10565], [0.26584, 0.03659, 0.12623, 0.16171, 0.06066, 0.06884, 0.15303, 0.02049, 0.11591, 0.0, 0.06763, 0.01764, 0.00069, 0.24212, 0.20215, 0.10974, 0.03378, 0.19215, 0.28457, 0.29474, 0.29439, 0.01086], [0.30555, 0.10291, 0.18586, 0.2174, 0.12566, 0.00125, 0.20978, 0.08749, 0.17656, 0.06763, 0.0, 0.08475, 0.06696, 0.28603, 0.25243, 0.17097, 0.10023, 0.24382, 0.32058, 0.32866, 0.32837, 0.07817], [0.2536, 0.019, 0.10971, 0.14597, 0.04323, 0.08594, 0.13708, 0.00285, 0.0992, 0.01764, 0.08475, 0.0, 0.01833, 0.22891, 0.18754, 0.09293, 0.01618, 0.17724, 0.27318, 0.28384, 0.28347, 0.00679], [0.26629, 0.03727, 0.12685, 0.16229, 0.06133, 0.06818, 0.15366, 0.02117, 0.11655, 0.00069, 0.06696, 0.01833, 0.0, 0.24257, 0.20268, 0.11038, 0.03446, 0.19268, 0.28494, 0.29508, 0.29472, 0.01155], [0.03151, 0.21395, 0.13267, 0.09554, 0.19383, 0.28664, 0.10482, 0.22669, 0.14292, 0.24212, 0.28603, 0.22891, 0.24257, 0.0, 0.04959, 0.14894, 0.21623, 0.06129, 0.05774, 0.07245, 0.07195, 0.2341], [0.08073, 0.1712, 0.08497, 0.04667, 0.14949, 0.2532, 0.05622, 0.18512, 0.09565, 0.20215, 0.25243, 0.18754, 0.20268, 0.04959, 0.0, 0.10194, 0.17367, 0.01182, 0.10643, 0.12077, 0.12028, 0.19323], [0.17771, 0.07452, 0.01753, 0.05623, 0.0506, 0.17199, 0.04665, 0.09019, 0.00652, 0.10974, 0.17097, 0.09293, 0.11038, 0.14894, 0.10194, 0.0, 0.07727, 0.0905, 0.20103, 0.21389, 0.21345, 0.09943], [0.24175, 0.00282, 0.09427, 0.13116, 0.02714, 0.1014, 0.1221, 0.01333, 0.08362, 0.03378, 0.10023, 0.01618, 0.03446, 0.21623, 0.17367, 0.07727, 0.0, 0.16312, 0.26208, 0.27317, 0.27279, 0.02296], [0.09226, 0.1606, 0.0734, 0.03492, 0.13856, 0.24459, 0.04449, 0.17476, 0.08416, 0.19215, 0.24382, 0.17724, 0.19268, 0.06129, 0.01182, 0.0905, 0.16312, 0.0, 0.11779, 0.13202, 0.13153, 0.18307], [0.02635, 0.26005, 0.18585, 0.15073, 0.2421, 0.32102, 0.15952, 0.27124, 0.19543, 0.28457, 0.32058, 0.27318, 0.28494, 0.05774, 0.10643, 0.20103, 0.26208, 0.11779, 0.0, 0.01488, 0.01437, 0.2777], [0.04118, 0.27121, 0.19903, 0.16452, 0.25386, 0.32905, 0.17315, 0.28197, 0.2084, 0.29474, 0.32866, 0.28384, 0.29508, 0.07245, 0.12077, 0.21389, 0.27317, 0.13202, 0.01488, 0.0, 0.00051, 0.28819], [0.04068, 0.27082, 0.19858, 0.16405, 0.25345, 0.32876, 0.17268, 0.2816, 0.20796, 0.29439, 0.32837, 0.28347, 0.29472, 0.07195, 0.12028, 0.21345, 0.27279, 0.13153, 0.01437, 0.00051, 0.0, 0.28783], [0.25836, 0.02577, 0.1161, 0.15208, 0.04994, 0.07935, 0.1432, 0.00963, 0.10565, 0.01086, 0.07817, 0.00679, 0.01155, 0.2341, 0.19323, 0.09943, 0.02296, 0.18307, 0.2777, 0.28819, 0.28783, 0.0]],
"labels_2": ["1", "2", "3","4","5","6","7","8","9","10","11","12","13","14","15","16","17","18","19","20","21","22"],
"ged": 40
}